0 0 0 0
0.0009976 200 6 0
0.1000438 18846 382 0
0.2008578 35140 734 0
0.3009084 53183 1097 0
0.4004867 66526 1384 0
0.5014896 79517 1653 0
0.60078 96499 1956 0
0.7017225 106335 2136 0
0.80008 110712 2238 0
0.9004272 117586 2366 0
1.0007785 128244 2627 0
1.1006092 144908 2960 0
1.2000564 157385 3198 0
1.3005385999999999 168498 3422 0
1.4003700000000001 180262 3641 0
1.5009297 191574 3848 0
1.6002459 202083 4042 0
1.7015246 211693 4278 0
1.8000979 217214 4408 0
1.9015547000000002 225107 4568 0
2.0003865 229014 4652 0
2.1009376 237261 4809 0
2.2054673 244748 4983 0
2.2171696 246099 5001 0
3.5576412 1 0 84482
3.6000957 12115 218 84482
3.7002379 31616 589 84482
3.8004093 48286 918 84482
3.90076 60910 1194 84482
4.0008898 72002 1379 84482
4.1001543 81963 1567 84482
4.200637 92244 1813 84482
4.3013814 100483 1961 84482
4.4005976 111097 2208 84482
4.5004650999999996 120802 2395 84482
4.6024892 129579 2548 84482
4.700566 135948 2691 84482
4.8004394999999995 142789 2807 84482
4.9006612 150455 2948 84482
5.0009137 157810 3079 84482
5.1082329 161348 3141 84482
5.200079 163706 3181 84482
5.3009982 168012 3293 84482
5.4016087 172660 3381 84482
5.5016345 175095 3424 84482
5.6020478 176994 3471 84482
5.7038043 181115 3557 84482
5.8000233 182959 3605 84482
5.9001807 186837 3675 84482
6.0017956 190953 3755 84482
6.1001425 194243 3817 84482
6.2011611 197465 3873 84482
6.3014869000000004 200757 3949 84482
6.402419 202915 3995 84482
6.5016288 205625 4050 84482
6.6062448 208479 4128 84482
6.7034362 210708 4174 84482
6.8079371 213468 4236 84482
6.9005773999999995 216311 4288 84482
7.002223 218517 4335 84482
7.1000481 220033 4369 84482
7.2038277 223183 4428 84482
7.3051006 226131 4479 84482
7.4002172 228598 4527 84482
7.5038164 230795 4573 84482
7.6015299 233623 4627 84482
7.7026177 235902 4659 84482
7.8075075 236979 4685 84482
7.9002084 238158 4718 84482
8.0000416 240673 4759 84482
8.1028996 241644 4795 84482
8.2009313 243795 4835 84482
8.3006237 244258 4854 84482
8.4030979 246002 4888 84482
8.5024427 248561 4936 84482
8.6008346 251108 4984 84482
8.6490768 251551 5002 84482
11.0865367 1 0 311951
11.100572 4689 96 311951
11.2008129 30524 647 311951
11.3001269 51874 1105 311951
11.4000082 64278 1332 311951
11.500699000000001 80709 1671 311951
11.6005846 93627 1900 311951
11.7010517 103490 2103 311951
11.8001833 114630 2318 311951
11.9000179 120321 2469 311951
12.0010759 128661 2628 311951
12.1001781 135628 2750 311951
12.2001256 141245 2881 311951
12.3012877 147440 3012 311951
12.4077623 153358 3146 311951
12.5039142 156018 3196 311951
12.6019073 158501 3258 311951
12.7035436 161832 3318 311951
12.8019193 164562 3370 311951
12.9015129 167215 3440 311951
13.0021632 169555 3480 311951
0000000001 208377 4200
13.3 210155 4228
13.4 211816 4280
13.5 213558 4318
13.600000000000001 214721 4348
13.700000000000001 215851 4378
13.8 216952 4400
13.9 218077 4432
14 219592 4466
14.100000000000001 220850 4478
14.200000000000001 222309 4510
14.3 223666 4544
14.4 225245 4570
14.5 226341 4600
14.600000000000001 226715 4604
14.700000000000001 227028 4610
14.8 228161 4635
14.9 229517 4670
15 230772 4688
15.100000000000001 232205 4726
15.200000000000001 233830 4752
15.3 235333 4778
15.4 236843 4805
15.5 238178 4829
15.600000000000001 239515 4857
15.700000000000001 241133 4901
15.8 242512 4926
15.9 243641 4959
16 245242 4985
16.1 246099 5001
16.2 246099 5001
16.3 246099 5001
16.400000000000002 241792 4870
16.5 217855 3667
16.6 196756 2778
16.7 171684 2337
16.8 150248 1852
16.900000000000002 129147 1380
17 107352 776
17.1 84483 0
17.2 84483 0
17.3 84483 0
17.400000000000002 84483 0
17.5 0 0
17.6 0 0
17.7 2363 46
17.8 14571 273
17.900000000000002 23898 432
18 30706 573
18.1 36024 679
18.2 44360 838
18.3 50976 987
18.400000000000002 56318 1088
18.5 63150 1230
18.6 67901 1314
18.7 73772 1415
18.8 78246 1492
18.900000000000002 82187 1567
19 87941 1707
19.1 92739 1821
19.200000000000003 96766 1885
19.3 100454 1959
19.400000000000002 105411 2057
19.5 110389 2176
19.6 114871 2280
19.700000000000003 119690 2378
19.8 123369 2440
19.900000000000002 127945 2529
20 130908 2582
20.1 134537 2658
20.200000000000003 138460 2739
20.3 142059 2797
20.400000000000002 146179 2871
20.5 149567 2934
20.6 153052 2991
20.700000000000003 156762 3061
20.8 159297 3099
20.900000000000002 161195 3139
21 162471 3155
21.1 164621 3201
21.200000000000003 166442 3255
21.3 169030 3305
21.400000000000002 171795 3375
21.5 172765 3381
21.6 173774 3399
21.700000000000003 175814 3434
21.8 176970 3469
21.900000000000002 179652 3515
22 181177 3559
22.1 182735 3599
22.200000000000003 184817 3637
22.3 187519 3687
22.400000000000002 189428 3721
22.5 191760 3767
22.6 193727 3799
22.700000000000003 196013 3841
22.8 197703 3879
22.900000000000002 199691 3911
23 201339 3961
23.1 202692 3983
23.200000000000003 204096 4010
23.3 205939 4056
23.400000000000002 207381 4089
23.5 208818 4136
23.6 210707 4172
23.700000000000003 212430 4212
23.8 213768 4242
23.900000000000002 215808 4278
24 217634 4311
24.1 218825 4337
24.200000000000003 219747 4359
24.3 221406 4399
24.400000000000002 223356 4430
24.5 224695 4459
24.6 226751 4493
24.700000000000003 228337 4521
24.8 229604 4551
24.900000000000002 230941 4575
25 232707 4605
25.1 233951 4629
25.200000000000003 235150 4649
25.3 236671 4673
25.400000000000002 237122 4687
25.5 238260 4718
25.6 239933 4739
25.700000000000003 241024 4775
25.8 241768 4797
25.900000000000002 242784 4817
26 243940 4843
26.1 244672 4860
26.200000000000003 246001 4886
26.3 247338 4916
26.400000000000002 248880 4938
26.5 250594 4962
26.6 251337 4992
26.700000000000003 251551 5002
26.8 251551 5002
26.900000000000002 251551 5002
27 251551 5002
27.1 251551 5002
27.200000000000003 251551 5002
27.3 251551 5002
27.400000000000002 251551 5002
27.5 251551 5002
27.6 251551 5002
27.700000000000003 251551 5002
27.8 251551 5002
27.900000000000002 251551 5002
28 251551 5002
28.1 251551 5002
28.200000000000003 251551 5002
28.3 251551 5002
28.400000000000002 251551 5002
28.5 251551 5002
28.6 251551 5002
28.700000000000003 251551 5002
28.8 248490 4360
28.900000000000002 238137 2243
29 228226 138
29.1 0 0
29.200000000000003 0 0
29.3 0 0
29.400000000000002 0 0
29.5 0 0
29.6 0 0
29.700000000000003 0 0
29.8 8036 159
29.900000000000002 18183 381
30 30342 643
30.1 39359 860
30.200000000000003 48950 1055
30.3 56345 1200
30.400000000000002 64278 1332
30.5 72015 1477
30.6 80478 1666
30.700000000000003 87721 1805
30.8 94525 1920
30.900000000000002 99599 2023
31 105120 2135
31.1 110961 2247
31.200000000000003 115299 2340
31.3 119582 2450
31.400000000000002 123836 2536
31.5 128557 2626
31.6 133235 2698
31.700000000000003 136562 2774
31.8 140865 2865
31.900000000000002 144113 2941
32 148983 3048
32.1 152772 3132
32.2 155409 3176
32.300000000000004 157061 3220
32.4 159103 3266
32.5 161565 3310
32.6 163496 3348
32.7 165732 3392
32.800000000000004 167526 3444
32.9 169105 3472
33 170926 3498
